enter Twiss module

++++++ table: summ

            length             orbit5               alfa            gammatr 
            503.04                 -0      0.01991231637        7.086619389 
            503.04                 -0      0.01986719083        7.094662954 
            503.04                 -0      0.01982292279        7.102580346 
            503.04                 -0      0.01977942542        7.110385778 
            503.04                 -0      0.01973660586        7.118094768 
            503.04                 -0      0.01969436466        7.125724257 

                q1                dq1            betxmax              dxmax 
       9.433966428      -0.3552573002        153.8221262         2.53471155 
       9.433170686      -0.2437675572        152.8375479        2.537460384 
       9.432443135      -0.1100750684        151.7093882        2.550181306 
       9.431797293      0.04374150035        150.4436537        2.564519687 
       9.431243214       0.2153259535        149.0460962        2.580513719 
         9.4307874       0.4020005035        147.5221905        2.598221904 

             dxrms             xcomax             xcorms                 q2 
       1.522031254                  0                  0        9.459511446 
        1.51688388     0.002495308108     0.001496249598        9.458433778 
       1.511944888     0.004995435843      0.00298616935        9.457406877 
       1.507217478     0.007508682081     0.004469958926        9.456461442 
       1.502707151      0.01003436386     0.005947817642        9.455629632 
       1.498422135      0.01257409123     0.007419945603        9.454945089 

               dq2            betymax              dymax              dyrms 
      -1.820968112        184.9512479       0.1435767824      0.06803818157 
      -1.862798388        184.2164885       0.1443714099      0.06944246036 
      -1.883145606        183.4688036       0.1455155964      0.07094796095 
      -1.882738769        182.7300271       0.1470065583      0.07256523322 
      -1.862266131        182.0206451       0.1488409196      0.07430498393 
      -1.822335821        181.3611465       0.1510150627      0.07617798228 

            ycomax             ycorms             deltap            synch_1 
                 0                  0                  0                  0 
   0.0001417451584    6.768560477e-05              0.001                  0 
   0.0002843113746     0.000136731516              0.002                  0 
   0.0004280409961    0.0002072189499              0.003                  0 
   0.0005732723799    0.0002792388673              0.004                  0 
    0.000720339482    0.0003528922401              0.005                  0 

           synch_2            synch_3            synch_4            synch_5 
                 0                  0                  0                  0 
                 0                  0                  0                  0 
                 0                  0                  0                  0 
                 0                  0                  0                  0 
                 0                  0                  0                  0 
                 0                  0                  0                  0 

           synch_6            synch_8             nflips              dqmin 
                 0                  0                  0       0.0237237221 
                 0                  0                  0      0.02371342539 
                 0                  0                  0      0.02371130634 
                 0                  0                  0      0.02371761149 
                 0                  0                  0      0.02373242896 
                 0                  0                  0      0.02375569286 

       dqmin_phase 
       2.991420264 
       2.985693714 
       2.979670912 
       2.973272593 
       2.966402694 
        2.95894818 
enter Twiss module

++++++ table: summ

            length             orbit5               alfa            gammatr 
            503.04                 -0      0.01991231637        7.086619389 

                q1                dq1            betxmax              dxmax 
       9.433966428      -0.3552573002        153.8221262         2.53471155 

             dxrms             xcomax             xcorms                 q2 
       1.522031254                  0                  0        9.459511446 

               dq2            betymax              dymax              dyrms 
      -1.820968112        184.9512479       0.1435767824      0.06803818157 

            ycomax             ycorms             deltap            synch_1 
                 0                  0                  0                  0 

           synch_2            synch_3            synch_4            synch_5 
                 0                  0                  0                  0 

           synch_6            synch_8             nflips              dqmin 
                 0                  0                  0       0.0237237221 

       dqmin_phase 
       2.991420264 
