 14.81050000000000      0.000000000000000
 15.17940840972106      1.000000000000000
 17.38637370866833      2.000000000000000
 26.95101821703071      3.000000000000000
 28.28504715314795      4.000000000000000
 40.15936027264794      5.000000000000000
 43.73044593183428      6.000000000000000
 44.12019463877253      7.000000000000000
 42.70777808439874      8.000000000000000
 36.49171411826137      9.000000000000000
 17.91550419801747      10.00000000000000
 16.08278184214898      11.00000000000000
 5.205614952245614      12.00000000000000
 3.483647832535370      13.00000000000000
 3.085330363966474      14.00000000000000
 2.889212695595587      15.00000000000000
 2.758154073298890      16.00000000000000
 4.969028916265684      17.00000000000000
 5.532778051650697      18.00000000000000
 12.38182199983168      19.00000000000000
 14.95463517757239      20.00000000000000
 15.44058837629724      21.00000000000000
 14.95052108190193      22.00000000000000
 12.36762982809769      23.00000000000000
 5.500094902924646      24.00000000000000
 4.936077066970345      25.00000000000000
 2.739374958741973      26.00000000000000
 2.879347840081610      27.00000000000000
 3.078939795894524      28.00000000000000
 3.480855473302959      29.00000000000000
 5.215955344410220      30.00000000000000
 16.18205968682362      31.00000000000000
 18.03014878815403      32.00000000000000
 36.76437767183727      33.00000000000000
 43.03386654206453      34.00000000000000
 44.45929637676728      35.00000000000000
 44.06869719235644      36.00000000000000
 40.47564390994373      37.00000000000000
 28.52301888903411      38.00000000000000
 27.17955427272256      39.00000000000000
 17.54158241537623      40.00000000000000
 15.31571618012758      41.00000000000000
 14.94355932966211      42.00000000000000
 15.31571886915988      43.00000000000000
 17.54159348689766      44.00000000000000
 27.17960454774623      45.00000000000000
 28.52307490448221      46.00000000000000
 40.47575297529776      47.00000000000000
 44.06882273859868      48.00000000000000
 44.45942531272328      49.00000000000000
 43.03399356020376      50.00000000000000
 36.76449201593105      51.00000000000000
 18.03021972819313      52.00000000000000
 16.18212560419368      53.00000000000000
 5.215983947354509      54.00000000000000
 3.480874995713908      55.00000000000000
 3.078956671600803      56.00000000000000
 2.879362839989446      57.00000000000000
 2.739384941236771      58.00000000000000
 4.936058430149252      59.00000000000000
 5.500071634337674      60.00000000000000
 12.36756074248590      61.00000000000000
 14.95043695223484      62.00000000000000
 15.44050146057865      63.00000000000000
 14.95455104953597      64.00000000000000
 12.38175291984512      65.00000000000000
 5.532754796018037      66.00000000000000
 4.969010292505402      67.00000000000000
 2.758164063236988      68.00000000000000
 2.889227699413463      69.00000000000000
 3.085347242205723      70.00000000000000
 3.483667356053101      71.00000000000000
 5.205643551091382      72.00000000000000
 16.08284772016924      73.00000000000000
 17.91557509261599      74.00000000000000
 36.49182835428212      75.00000000000000
 42.70790497328944      76.00000000000000
 44.12032344032202      77.00000000000000
 43.73057134400709      78.00000000000000
 40.15946921263964      79.00000000000000
 28.28510307427349      80.00000000000000
 26.95106840147176      81.00000000000000
 17.38638471867118      82.00000000000000
 15.17941104472638      83.00000000000000
 14.81049994726057      84.00000000000000
 15.17941104643549      85.00000000000000
 17.38638472570811      86.00000000000000
 26.95106843342599      87.00000000000000
 28.28510310987626      88.00000000000000
 40.15946928196035      89.00000000000000
 43.73057142380286      90.00000000000000
 44.12032352227226      91.00000000000000
 42.70790505402072      92.00000000000000
 36.49182842695792      93.00000000000000
 17.91557513770466      94.00000000000000
 16.08284776206556      95.00000000000000
 5.205643569271082      96.00000000000000
 3.483667368461318      97.00000000000000
 3.085347252931726      98.00000000000000
 2.889227708947230      99.00000000000000
 2.758164069581746      100.0000000000000
 4.969010280660062      101.0000000000000
 5.532754781228802      102.0000000000000
 12.38175287593513      103.0000000000000
 14.95455099606416      104.0000000000000
 15.44050140533606      105.0000000000000
 14.95043689876406      106.0000000000000
 12.36756069857949      107.0000000000000
 5.500071619556676      108.0000000000000
 4.936058418312216      109.0000000000000
 2.739384947586262      110.0000000000000
 2.879362849525700      111.0000000000000
 3.078956682328417      112.0000000000000
 3.480875008122831      113.0000000000000
 5.215983965531605      114.0000000000000
 16.18212564606500      115.0000000000000
 18.03021977325292      116.0000000000000
 36.76449208853816      117.0000000000000
 43.03399364085291      118.0000000000000
 44.45942539458808      119.0000000000000
 44.06882281830921      120.0000000000000
 40.47575304453876      121.0000000000000
 28.52307494002507      122.0000000000000
 27.17960457964292      123.0000000000000
 17.54159349389552      124.0000000000000
 15.31571887083469      125.0000000000000
 14.94355932962862      126.0000000000000
 15.31571617838415      127.0000000000000
 17.54158240830024      128.0000000000000
 27.17955424071085      129.0000000000000
 28.52301885337149      130.0000000000000
 40.47564384054355      131.0000000000000
 44.06869711247568      132.0000000000000
 44.45929629473186      133.0000000000000
 43.03386646125132      134.0000000000000
 36.76437759909298      135.0000000000000
 18.03014874303658      136.0000000000000
 16.18205964490239      137.0000000000000
 5.215955326227951      138.0000000000000
 3.480855460895469      139.0000000000000
 3.078939785170151      140.0000000000000
 2.879347830550347      141.0000000000000
 2.739374952401960      142.0000000000000
 4.936077078823993      143.0000000000000
 5.500094917722122      144.0000000000000
 12.36762987201126      145.0000000000000
 14.95052113537479      146.0000000000000
 15.44058843153984      147.0000000000000
 14.95463523104214      148.0000000000000
 12.38182204373453      149.0000000000000
 5.532778066423478      150.0000000000000
 4.969028928094432      151.0000000000000
 2.758154066944688      152.0000000000000
 2.889212686056871      153.0000000000000
 3.085330353237274      154.0000000000000
 3.483647820125772      155.0000000000000
 5.205614934071163      156.0000000000000
 16.08278180030279      157.0000000000000
 17.91550415298667      158.0000000000000
 36.49171404572317      159.0000000000000
 42.70777800383201      160.0000000000000
 44.12019455699342      161.0000000000000
 43.73044585220919      162.0000000000000
 40.15936020348681      163.0000000000000
 28.28504711766519      164.0000000000000
 26.95101818519175      165.0000000000000
 17.38637370170964      166.0000000000000
 15.17940840808066      167.0000000000000
 14.81050000006707      168.0000000000000
 15.17941379127153      169.0000000000000
 25.40868161354026      170.0000000000000
 25.93063794490354      171.0000000000000
 25.40868522439877      172.0000000000000
 15.17944805789705      173.0000000000000
 14.81053689135902      174.0000000000000
 15.17944972441544      175.0000000000000
 25.40871203826877      176.0000000000000
 25.93066687843052      177.0000000000000
 25.40871149248445      178.0000000000000
 15.17944454498603      179.0000000000000
 14.81053131520907      180.0000000000000
 15.17944181289814      181.0000000000000
 25.40866753386364      182.0000000000000
 25.93061944484703      183.0000000000000
 25.40866305476962      184.0000000000000
 15.17939930681907      185.0000000000000
 14.81048555335920      186.0000000000000
 15.17939329408618      187.0000000000000
 25.40856631137926      188.0000000000000
 25.93051505381748      189.0000000000000
 25.40855973180589      190.0000000000000
 15.17933085470348      191.0000000000000
 14.81041833140602      192.0000000000000
 15.17932402171587      193.0000000000000
 25.40844979071924      194.0000000000000
 25.93039642180364      195.0000000000000
 25.40844380300604      196.0000000000000
 15.17926719901706      197.0000000000000
 14.81035715634897      198.0000000000000
 15.17926234181051      199.0000000000000
 25.40836565174972      200.0000000000000
 25.93031209263058      201.0000000000000
 25.40836270604899      202.0000000000000
 15.17923438745475      203.0000000000000
 14.81032706081770      204.0000000000000
 15.17923349358200      205.0000000000000
 25.40834832385686      206.0000000000000
 25.93029657351513      207.0000000000000
 25.40834962553954      208.0000000000000
 15.17924584639860      209.0000000000000
 14.81034035980342      210.0000000000000
 15.17924928162941      211.0000000000000
 25.40840489755676      212.0000000000000
 25.93035621482768      213.0000000000000
 25.40840991397862      214.0000000000000
 15.17929688688694      215.0000000000000
 14.81039161140544      216.0000000000000
 15.17930324553631      217.0000000000000
 25.40851222307977      218.0000000000000
 25.93046661154171      219.0000000000000
 25.40851890153767      220.0000000000000
 15.17936662332188      221.0000000000000
 14.81045984363885      222.0000000000000
 15.17937330345164      223.0000000000000
 25.40862638317918      224.0000000000000
 25.93058258968936      225.0000000000000
 25.40863199087039      226.0000000000000
 15.17942651978640      227.0000000000000
 14.81051713610091      228.0000000000000
 15.17943078790970      229.0000000000000
 25.40870066392240      230.0000000000000
 25.93065669139875      231.0000000000000
 25.40870290619834      232.0000000000000
 15.17945206684665      233.0000000000000
 14.81054004490688      234.0000000000000
 15.17945217646164      235.0000000000000
 25.40870466987660      236.0000000000000
 25.93065859449712      237.0000000000000
 25.40870262920541      238.0000000000000
 15.17943281073063      239.0000000000000
 14.81051919584964      240.0000000000000
 15.17942871698322      241.0000000000000
 17.38639874593003      242.0000000000000
 26.95106319641118      243.0000000000000
 28.28509486438164      244.0000000000000
 40.15943194492283      245.0000000000000
 43.73052470652704      246.0000000000000
 44.12027434476436      247.0000000000000
 42.70785545435874      248.0000000000000
 36.49178075267112      249.0000000000000
 17.91553766568547      250.0000000000000
 16.08281189296031      251.0000000000000
 5.205623258062311      252.0000000000000
 3.483652074544221      253.0000000000000
 3.085333454166632      254.0000000000000
 2.889214835057904      255.0000000000000
 2.758153722325185      256.0000000000000
 4.969019657182215      257.0000000000000
 5.532767721002734      258.0000000000000
 12.38180335635833      259.0000000000000
 14.95461438329071      260.0000000000000
 15.44056750936413      261.0000000000000
 14.95050148039055      262.0000000000000
 12.36761529925909      263.0000000000000
 5.500094047868029      264.0000000000000
 4.936077361380656      265.0000000000000
 2.739380052262518      266.0000000000000
 2.879352839590867      267.0000000000000
 3.078944738866336      268.0000000000000
 3.480860524880532      269.0000000000000
 5.215960652311037      270.0000000000000
 16.18206095472013      271.0000000000000
 18.03014901773669      272.0000000000000
 36.76436525485479      273.0000000000000
 43.03384937153229      274.0000000000000
 44.45927776941969      275.0000000000000
 44.06867790028260      276.0000000000000
 40.47562388436779      277.0000000000000
 28.52299760682595      278.0000000000000
 27.17953299428038      279.0000000000000
 17.54156245408866      280.0000000000000
 15.31569696865362      281.0000000000000
 14.94353994857281      282.0000000000000
 15.31569837244078      283.0000000000000
 17.54156823388522      284.0000000000000
 27.17955923994231      285.0000000000000
 28.52302684922916      286.0000000000000
 40.47568082103734      287.0000000000000
 44.06874344066406      288.0000000000000
 44.45934507937328      289.0000000000000
 43.03391568030545      290.0000000000000
 36.76442494724694      291.0000000000000
 18.03018605139968      292.0000000000000
 16.18209536634012      293.0000000000000
 5.215975584242469      294.0000000000000
 3.480870716394341      295.0000000000000
 3.078953548689775      296.0000000000000
 2.879360670169184      297.0000000000000
 2.739385263541694      298.0000000000000
 4.936067632181747      299.0000000000000
 5.500081900693902      300.0000000000000
 12.36757923368461      301.0000000000000
 14.95045756119095      302.0000000000000
 15.44052213572929      303.0000000000000
 14.95457046494237      304.0000000000000
 12.38176729372045      305.0000000000000
 5.532755580591288      306.0000000000000
 4.969009934801584      307.0000000000000
 2.758158937490068      308.0000000000000
 2.889222667677422      309.0000000000000
 3.085342265312387      310.0000000000000
 3.483662266635817      311.0000000000000
 5.205638187854150      312.0000000000000
 16.08284628403812      313.0000000000000
 17.91557467562663      314.0000000000000
 36.49184038864475      315.0000000000000
 42.70792169565891      316.0000000000000
 44.12034158455231      317.0000000000000
 43.73059017691880      318.0000000000000
 40.15948881614814      319.0000000000000
 28.28512405754464      320.0000000000000
 26.95108939478528      321.0000000000000
 17.38640449361137      322.0000000000000
 15.17943009256609      323.0000000000000
 14.81051916831750      324.0000000000000
 15.17943137873973      325.0000000000000
 17.38640978915915      326.0000000000000
 26.95111344150658      327.0000000000000
 28.28515084993119      328.0000000000000
 40.15954098249195      329.0000000000000
 43.73065022612961      330.0000000000000
 44.12040325507517      331.0000000000000
 42.70798244888326      332.0000000000000
 36.49189507982842      333.0000000000000
 17.91560860649773      334.0000000000000
 16.08287781254889      335.0000000000000
 5.205651868743367      336.0000000000000
 3.483671604273884      337.0000000000000
 3.085350337022269      338.0000000000000
 2.889229842186288      339.0000000000000
 2.758163712152568      340.0000000000000
 4.969001020744278      341.0000000000000
 5.532744451144014      342.0000000000000
 12.38173424982848      343.0000000000000
 14.95453022542566      344.0000000000000
 15.44048056363431      345.0000000000000
 14.95041732245418      346.0000000000000
 12.36754619248321      347.0000000000000
 5.500070777442716      348.0000000000000
 4.936058724371469      349.0000000000000
 2.739390041764350      350.0000000000000
 2.879367846548234      351.0000000000000
 3.078961621611185      352.0000000000000
 3.480880054561786      353.0000000000000
 5.215989263171351      354.0000000000000
 16.18212687602976      355.0000000000000
 18.03021996053642      356.0000000000000
 36.76447958673894      357.0000000000000
 43.03397637170983      358.0000000000000
 44.45940668560911      359.0000000000000
 44.06880342574905      360.0000000000000
 40.47573292741994      361.0000000000000
 28.52305359650092      362.0000000000000
 27.17958324333762      363.0000000000000
 17.54157350000846      364.0000000000000
 15.31569963277314      365.0000000000000
 14.94353992334737      366.0000000000000
 15.31569565663921      367.0000000000000
 17.54155712911846      368.0000000000000
 27.17950890424269      369.0000000000000
 28.52297076933528      370.0000000000000
 40.47557165808355      371.0000000000000
 44.06861778696986      372.0000000000000
 44.45921603463427      373.0000000000000
 43.03378855651211      374.0000000000000
 36.76431051200120      375.0000000000000
 18.03011506514472      376.0000000000000
 16.18202940740076      377.0000000000000
 5.215946969466935      378.0000000000000
 3.480851187775563      379.0000000000000
 3.078936668371199      380.0000000000000
 2.879345666955047      381.0000000000000
 2.739375281162083      382.0000000000000
 4.936086281681478      383.0000000000000
 5.500105183506999      384.0000000000000
 12.36764834582854      385.0000000000000
 14.95054172067130      386.0000000000000
 15.44060908144267      387.0000000000000
 14.95465462123160      388.0000000000000
 12.38183639485610      389.0000000000000
 5.532778838053432      390.0000000000000
 4.969028558741940      391.0000000000000
 2.758148940544281      392.0000000000000
 2.889207656811529      393.0000000000000
 3.085325380036914      394.0000000000000
 3.483642735851123      395.0000000000000
 5.205609581099227      396.0000000000000
 16.08278040210444      397.0000000000000
 17.91550377829670      398.0000000000000
 36.49172616489278      399.0000000000000
 42.70779482479879      400.0000000000000
 44.12021280284039      401.0000000000000
 43.73046478559200      402.0000000000000
 40.15937989852240      403.0000000000000
 28.28506816223551      404.0000000000000
 26.95103923635157      405.0000000000000
 17.38639350923355      406.0000000000000
 15.17942748249277      407.0000000000000
 14.81051924630063      408.0000000000000
 15.17943414858541      409.0000000000000
 25.40872340592178      410.0000000000000
 25.93068100830158      411.0000000000000
 25.40872781112629      412.0000000000000
 15.17947595346180      413.0000000000000
 14.81056425323892      414.0000000000000
 15.17947788793078      415.0000000000000
 25.40875893625530      416.0000000000000
 25.93071459389589      417.0000000000000
 25.40875808894189      418.0000000000000
 15.17946984702548      419.0000000000000
 14.81055559643714      420.0000000000000
 15.17946625829252      421.0000000000000
 25.40870034711309      422.0000000000000
 25.93065228753125      423.0000000000000
 25.40869459399956      424.0000000000000
 15.17941166191722      425.0000000000000
 14.81049681822976      426.0000000000000
 15.17940401847991      427.0000000000000
 25.40857161297703      428.0000000000000
 25.93051958476460      429.0000000000000
 25.40856330821829      430.0000000000000
 15.17932520728960      431.0000000000000
 14.81041197046355      432.0000000000000
 15.17931663681703      433.0000000000000
 25.40842541142703      434.0000000000000
 25.93037078712625      435.0000000000000
 25.40841795330270      436.0000000000000
 15.17924586008839      437.0000000000000
 14.81033577256195      438.0000000000000
 15.17923986958941      439.0000000000000
 25.40832156765055      440.0000000000000
 25.93026678211441      441.0000000000000
 25.40831800800028      442.0000000000000
 15.17920608892416      443.0000000000000
 14.81029940445259      444.0000000000000
 15.17920512969100      445.0000000000000
 25.40830257417521      446.0000000000000
 25.93025012823362      447.0000000000000
 25.40830436959602      448.0000000000000
 15.17922216802489      449.0000000000000
 14.81031774784474      450.0000000000000
 15.17922663257256      451.0000000000000
 25.40837620306786      452.0000000000000
 25.93032764019647      453.0000000000000
 25.40838261887954      454.0000000000000
 15.17928751787608      455.0000000000000
 14.81038329668340      456.0000000000000
 15.17929557932655      457.0000000000000
 25.40851232563077      458.0000000000000
 25.93046760036581      459.0000000000000
 25.40852073650452      460.0000000000000
 15.17937539753621      461.0000000000000
 14.81046922860202      462.0000000000000
 15.17938375717077      463.0000000000000
 25.40865524096439      464.0000000000000
 25.93061273750633      465.0000000000000
 25.40866220519869      466.0000000000000
 15.17944984694094      467.0000000000000
 14.81054038054561      468.0000000000000
 15.17945508402497      469.0000000000000
 25.40874646859004      470.0000000000000
 25.93070366198337      471.0000000000000
 25.40874913644339      472.0000000000000
 15.17948040164172      473.0000000000000
 14.81056763737575      474.0000000000000
 15.17948037317786      475.0000000000000
 25.40874867846702      476.0000000000000
 25.93070316780360      477.0000000000000
 25.40874595826270      478.0000000000000
 15.17945455875671      479.0000000000000
 14.81053984568827      480.0000000000000
