 11.41730000000000      0.000000000000000
 11.14651732153619      1.000000000000000
 9.714362652804491      2.000000000000000
 6.044005795724024      3.000000000000000
 5.760225956228350      4.000000000000000
 4.837823675614970      5.000000000000000
 5.011887722582522      6.000000000000000
 5.222754906321629      7.000000000000000
 5.682404996819071      8.000000000000000
 7.568416045299433      9.000000000000000
 17.89158776972251      10.00000000000000
 19.54202541464806      11.00000000000000
 35.92992163781712      12.00000000000000
 41.36085081517333      13.00000000000000
 42.34114480006874      14.00000000000000
 41.26997794213297      15.00000000000000
 35.60813329333035      16.00000000000000
 18.67938020380355      17.00000000000000
 16.99503359645815      18.00000000000000
 6.663928178498543      19.00000000000000
 4.858502868069861      20.00000000000000
 4.472087019565698      21.00000000000000
 4.407062480643987      22.00000000000000
 4.764337016197913      23.00000000000000
 7.833964204989214      24.00000000000000
 8.405711101963476      25.00000000000000
 14.58936910141290      26.00000000000000
 16.76683914244487      27.00000000000000
 17.16616690689538      28.00000000000000
 16.73910926806326      29.00000000000000
 14.49117532728051      30.00000000000000
 8.142474752849683      31.00000000000000
 7.560380529584811      32.00000000000000
 4.488332372711510      33.00000000000000
 4.155648590353325      34.00000000000000
 4.175727853824992      35.00000000000000
 4.397612232117160      36.00000000000000
 5.473697104281873      37.00000000000000
 11.93811783290773      38.00000000000000
 13.01338577794330      39.00000000000000
 23.95135236762687      40.00000000000000
 27.64228871845318      41.00000000000000
 28.32538143076237      42.00000000000000
 27.63820785617150      43.00000000000000
 23.93690169743499      44.00000000000000
 12.97464664506885      45.00000000000000
 11.89785593750669      46.00000000000000
 5.433078927521782      47.00000000000000
 4.360612949399398      48.00000000000000
 4.139643421311130      49.00000000000000
 4.119219071097890      50.00000000000000
 4.450034481829988      51.00000000000000
 7.530427103443451      52.00000000000000
 8.115205389193845      53.00000000000000
 14.49900099243144      54.00000000000000
 16.76070264852608      55.00000000000000
 17.19244404778141      56.00000000000000
 16.79651934119450      57.00000000000000
 14.62583085763931      58.00000000000000
 8.455208927818386      59.00000000000000
 7.883795542340904      60.00000000000000
 4.806529911804270      61.00000000000000
 4.443952386409276      62.00000000000000
 4.507925952950546      63.00000000000000
 4.895379513942957      64.00000000000000
 6.706065278534238      65.00000000000000
 17.04459585112259      66.00000000000000
 18.72857626723623      67.00000000000000
 35.64397767779482      68.00000000000000
 41.29893842464068      69.00000000000000
 42.36668249117947      70.00000000000000
 41.38172099574570      71.00000000000000
 35.93711759531907      72.00000000000000
 19.51442121871507      73.00000000000000
 17.86133089112513      74.00000000000000
 7.530027684937103      75.00000000000000
 5.645930633048334      76.00000000000000
 5.186639720099796      77.00000000000000
 4.974870397113152      78.00000000000000
 4.797224175990031      79.00000000000000
 5.720145520401196      80.00000000000000
 6.005471370336699      81.00000000000000
 9.700330157313379      82.00000000000000
 11.14292097981723      83.00000000000000
 11.41779663110212      84.00000000000000
 11.14836207857816      85.00000000000000
 9.719597537158306      86.00000000000000
 6.057123063859840      87.00000000000000
 5.773827544948703      88.00000000000000
 4.851381237901570      89.00000000000000
 5.024202312148716      90.00000000000000
 5.234751846285044      91.00000000000000
 5.694502870580743      92.00000000000000
 7.581091061311750      93.00000000000000
 17.90126841869025      94.00000000000000
 19.55078002980896      95.00000000000000
 35.92668347281823      96.00000000000000
 41.35293009138015      97.00000000000000
 42.33164663139122      98.00000000000000
 41.25936519685348      99.00000000000000
 35.59536245803697      100.0000000000000
 18.66257978405720      101.0000000000000
 16.97815469011161      102.0000000000000
 6.649808611154086      103.0000000000000
 4.846193433478490      104.0000000000000
 4.460141155872366      105.0000000000000
 4.394783985635542      106.0000000000000
 4.750347637821768      107.0000000000000
 7.817713154886898      108.0000000000000
 8.389614790768318      109.0000000000000
 14.57803879252315      110.0000000000000
 16.75790572607788      111.0000000000000
 17.15839411179522      112.0000000000000
 16.73287600165235      113.0000000000000
 14.48940647226763      114.0000000000000
 8.152010639143745      115.0000000000000
 7.570769230494848      116.0000000000000
 4.501218483049605      117.0000000000000
 4.167851100757539      118.0000000000000
 4.187796552056431      119.0000000000000
 4.409968921211901      120.0000000000000
 5.487211086819682      121.0000000000000
 11.95129601822121      122.0000000000000
 13.02602539783159      123.0000000000000
 23.95561151623309      124.0000000000000
 27.64300293356468      125.0000000000000
 28.32471926215993      126.0000000000000
 27.63620165159679      127.0000000000000
 23.93152761537672      128.0000000000000
 12.96146164936724      129.0000000000000
 11.88419439011313      130.0000000000000
 5.419515669993538      131.0000000000000
 4.348304856853693      132.0000000000000
 4.127657203252350      133.0000000000000
 4.107136620505536      134.0000000000000
 4.437390121129272      135.0000000000000
 7.520847992523300      136.0000000000000
 8.106562736590920      137.0000000000000
 14.50244894996087      138.0000000000000
 16.76886414803691      139.0000000000000
 17.20218834745937      140.0000000000000
 16.80737159545221      141.0000000000000
 14.63880699983432      142.0000000000000
 8.472109285118160      143.0000000000000
 7.900763489050130      144.0000000000000
 4.820667526182217      145.0000000000000
 4.456265759231850      146.0000000000000
 4.519871348796135      147.0000000000000
 4.907653107758654      148.0000000000000
 6.720035509018295      149.0000000000000
 17.06075656336087      150.0000000000000
 18.74457135251068      151.0000000000000
 35.65510173588617      152.0000000000000
 41.30763156652403      153.0000000000000
 42.37420847887962      154.0000000000000
 41.38771293211249      155.0000000000000
 35.93867646170681      156.0000000000000
 19.50477408619235      157.0000000000000
 17.85084143816362      158.0000000000000
 7.517111920363352      159.0000000000000
 5.633713651175031      160.0000000000000
 5.174561242470357      161.0000000000000
 4.962508177223858      162.0000000000000
 4.783716948923823      163.0000000000000
 5.707028342564021      164.0000000000000
 5.992900486756988      165.0000000000000
 9.696210578236091      166.0000000000000
 11.14236831245828      167.0000000000000
 11.41862433072200      168.0000000000000
 11.15052971104367      169.0000000000000
 6.496638883681226      170.0000000000000
 6.363305886546636      171.0000000000000
 6.508174309035470      172.0000000000000
 11.32916104614718      173.0000000000000
 11.61011621693825      174.0000000000000
 11.33727274323510      175.0000000000000
 6.580239301454219      176.0000000000000
 6.439979439472294      177.0000000000000
 6.580851925645822      178.0000000000000
 11.34675950890723      179.0000000000000
 11.62028598167518      180.0000000000000
 11.33951204454377      181.0000000000000
 6.516464848719005      182.0000000000000
 6.371474805186189      183.0000000000000
 6.504998446925153      184.0000000000000
 11.16194957082762      185.0000000000000
 11.42993990945090      186.0000000000000
 11.15302131148000      187.0000000000000
 6.425679047393282      188.0000000000000
 6.287082925385520      189.0000000000000
 6.423774518821072      190.0000000000000
 11.12352881587210      191.0000000000000
 11.39832410357951      192.0000000000000
 11.12977034501982      193.0000000000000
 6.479224783523491      194.0000000000000
 6.346079237779444      195.0000000000000
 6.490476604592739      196.0000000000000
 11.30400993811870      197.0000000000000
 11.58510806461706      198.0000000000000
 11.31364142233079      199.0000000000000
 6.576043512380640      200.0000000000000
 6.437118154356829      201.0000000000000
 6.579215768805945      202.0000000000000
 11.36276526329390      203.0000000000000
 11.63776857324933      204.0000000000000
 11.35760890078076      205.0000000000000
 6.533406214850658      206.0000000000000
 6.388379076729756      207.0000000000000
 6.522511807732688      208.0000000000000
 11.18890402611164      209.0000000000000
 11.45691780232749      210.0000000000000
 11.17869158132984      211.0000000000000
 6.431783597864868      212.0000000000000
 6.291848792500633      213.0000000000000
 6.427383882945362      214.0000000000000
 11.11055998444374      215.0000000000000
 11.38388107564635      216.0000000000000
 11.11456572426048      217.0000000000000
 6.462971209049334      218.0000000000000
 6.329711930203612      219.0000000000000
 6.473369906084912      220.0000000000000
 11.27559430168688      221.0000000000000
 11.55650289481505      222.0000000000000
 11.28625806789538      223.0000000000000
 6.568107693090688      224.0000000000000
 6.430508204264655      225.0000000000000
 6.573679015502598      226.0000000000000
 11.37253254240931      227.0000000000000
 11.64898869439447      228.0000000000000
 11.36972827507941      229.0000000000000
 6.548765671022569      230.0000000000000
 6.404001649938729      231.0000000000000
 6.538994687541684      232.0000000000000
 11.21842012901077      233.0000000000000
 11.48678712839386      234.0000000000000
 11.20744040969745      235.0000000000000
 6.441449946842185      236.0000000000000
 6.300218917330026      237.0000000000000
 6.434777740596907      238.0000000000000
 11.10411824574791      239.0000000000000
 11.37602629210958      240.0000000000000
 11.10568544257099      241.0000000000000
 9.677723537862288      242.0000000000000
 6.023585771360906      243.0000000000000
 5.741909757428039      244.0000000000000
 4.837337190036648      245.0000000000000
 5.016535432976299      246.0000000000000
 5.229364570915251      247.0000000000000
 5.691346196857419      248.0000000000000
 7.585414224938909      249.0000000000000
 17.95095171179562      250.0000000000000
 19.60803658256410      251.0000000000000
 36.06114729736098      252.0000000000000
 41.51348886301974      253.0000000000000
 42.49788419716584      254.0000000000000
 41.42320491788320      255.0000000000000
 35.74144439519435      256.0000000000000
 18.75098199319726      257.0000000000000
 17.06020791683503      258.0000000000000
 6.686788153034534      259.0000000000000
 4.872783603850805      260.0000000000000
 4.484050573578134      261.0000000000000
 4.417499848909236      262.0000000000000
 4.771024696075207      263.0000000000000
 7.821145156830852      264.0000000000000
 8.389847331799794      265.0000000000000
 14.54373556791564      266.0000000000000
 16.71145702977864      267.0000000000000
 17.10857746913861      268.0000000000000
 16.68212849517991      269.0000000000000
 14.43988080599391      270.0000000000000
 8.111435094283632      271.0000000000000
 7.531789057364861      272.0000000000000
 4.479108056839793      273.0000000000000
 4.151591649019234      274.0000000000000
 4.173423584544498      275.0000000000000
 4.397030267604791      276.0000000000000
 5.478624169081192      277.0000000000000
 11.97239752409789      278.0000000000000
 13.05230002976431      279.0000000000000
 24.03592080370428      280.0000000000000
 27.74189467734901      281.0000000000000
 28.42805578940242      282.0000000000000
 27.73895562328892      283.0000000000000
 24.02551337067494      284.0000000000000
 13.02439994446363      285.0000000000000
 11.94340073886532      286.0000000000000
 5.449370788525733      287.0000000000000
 4.370383229653912      288.0000000000000
 4.147435425531587      289.0000000000000
 4.125354957093696      290.0000000000000
 4.451525755865386      291.0000000000000
 7.510216474749245      292.0000000000000
 8.091795584680805      293.0000000000000
 14.44551688272164      294.0000000000000
 16.69768013797987      295.0000000000000
 17.12750237575836      296.0000000000000
 16.73283283288555      297.0000000000000
 14.56999547704233      298.0000000000000
 8.425495872721617      299.0000000000000
 7.857033894125655      300.0000000000000
 4.801412195720994      301.0000000000000
 4.444068113122108      302.0000000000000
 4.509861923092942      303.0000000000000
 4.899342318233936      304.0000000000000
 6.717135468477286      305.0000000000000
 17.09590285965459      306.0000000000000
 18.78641320356222      307.0000000000000
 35.76725967059950      308.0000000000000
 41.44406237834662      309.0000000000000
 42.51627654896893      310.0000000000000
 41.52851965423798      311.0000000000000
 36.06632985600978      312.0000000000000
 19.58815592535676      313.0000000000000
 17.92916058145373      314.0000000000000
 7.557766767466556      315.0000000000000
 5.665077207724653      316.0000000000000
 5.203354262953410      317.0000000000000
 4.989875400560354      318.0000000000000
 4.808097260831937      319.0000000000000
 5.713043660138499      320.0000000000000
 5.995833117247464      321.0000000000000
 9.667617275999055      322.0000000000000
 11.10309534224388      323.0000000000000
 11.37638396790363      324.0000000000000
 11.10740622476551      325.0000000000000
 9.682882466847529      326.0000000000000
 6.036755804484836      327.0000000000000
 5.755574941321804      328.0000000000000
 4.851004905385897      329.0000000000000
 5.028960169947764      330.0000000000000
 5.241472616058752      331.0000000000000
 5.703560098591878      332.0000000000000
 7.598223341842534      333.0000000000000
 17.96080235035042      334.0000000000000
 19.61696234298277      335.0000000000000
 36.05806309256850      336.0000000000000
 41.50570914998794      337.0000000000000
 42.48851828134187      338.0000000000000
 41.41270923746686      339.0000000000000
 35.72874272570522      340.0000000000000
 18.73412540318850      341.0000000000000
 17.04326274920938      342.0000000000000
 6.672564345108730      343.0000000000000
 4.860373090896255      344.0000000000000
 4.472002906821666      345.0000000000000
 4.405112893078378      346.0000000000000
 4.756900012873782      347.0000000000000
 7.804678033374112      348.0000000000000
 8.373526843789341      349.0000000000000
 14.53213070243818      350.0000000000000
 16.70223997548362      351.0000000000000
 17.10052523743490      352.0000000000000
 16.67563359721412      353.0000000000000
 14.43791532077712      354.0000000000000
 8.120955707605306      355.0000000000000
 7.542178800380936      356.0000000000000
 4.492077899088520      357.0000000000000
 4.163885220164139      358.0000000000000
 4.185586265796053      359.0000000000000
 4.409487058783443      360.0000000000000
 5.492258703196709      361.0000000000000
 11.98574033239755      362.0000000000000
 13.06510638575417      363.0000000000000
 24.04033681615597      364.0000000000000
 27.74275467495705      365.0000000000000
 28.42753116539172      366.0000000000000
 27.73707200618054      367.0000000000000
 24.02021401694563      368.0000000000000
 13.01116149724283      369.0000000000000
 11.92967497167553      370.0000000000000
 5.435697214741146      371.0000000000000
 4.357964940627689      372.0000000000000
 4.135338091804556      373.0000000000000
 4.113156507130605      374.0000000000000
 4.438747447410145      375.0000000000000
 7.500468154999043      376.0000000000000
 8.082982663991841      377.0000000000000
 14.44881268999449      378.0000000000000
 16.70570273958302      379.0000000000000
 17.13711659429587      380.0000000000000
 16.74357014716639      381.0000000000000
 14.58290430599134      382.0000000000000
 8.442453391679562      383.0000000000000
 7.874069001584973      384.0000000000000
 4.815654323581555      385.0000000000000
 4.456482702003929      386.0000000000000
 4.521909219182254      387.0000000000000
 4.911724435200809      388.0000000000000
 6.731240959553947      389.0000000000000
 17.11227901529121      390.0000000000000
 18.80263174187379      391.0000000000000
 35.77865662878504      392.0000000000000
 41.45303719228129      393.0000000000000
 42.52407994206019      394.0000000000000
 41.53477122444982      395.0000000000000
 36.06808358338411      396.0000000000000
 19.57852303983994      397.0000000000000
 17.91866914236335      398.0000000000000
 7.544766909903524      399.0000000000000
 5.652768938822981      400.0000000000000
 5.191181617016072      401.0000000000000
 4.977412926959516      402.0000000000000
 4.794469425152468      403.0000000000000
 5.699762266082292      404.0000000000000
 5.983095974562858      405.0000000000000
 9.663341982881153      406.0000000000000
 11.10239825895204      407.0000000000000
 11.37707553499474      408.0000000000000
 11.10945265834598      409.0000000000000
 6.473573826381156      410.0000000000000
 6.341433688785554      411.0000000000000
 6.486659822605975      412.0000000000000
 11.31209529223367      413.0000000000000
 11.59430741185721      414.0000000000000
 11.32350138840080      415.0000000000000
 6.587992530780662      416.0000000000000
 6.449246629612437      417.0000000000000
 6.591988264785808      418.0000000000000
 11.38537715614573      419.0000000000000
 11.66063792139345      420.0000000000000
 11.37960786657689      421.0000000000000
 6.540733415827114      422.0000000000000
 6.394714030045978      423.0000000000000
 6.528097613687384      424.0000000000000
 11.18393669390600      425.0000000000000
 11.45087941563530      426.0000000000000
 11.17188057948545      427.0000000000000
 6.420990089220124      428.0000000000000
 6.280756973084701      429.0000000000000
 6.415570696038351      430.0000000000000
 11.08795879855574      431.0000000000000
 11.36091569165851      432.0000000000000
 11.09236974159942      433.0000000000000
 6.454757881353178      434.0000000000000
 6.322450181206958      435.0000000000000
 6.466783087604358      436.0000000000000
 11.27858555779846      437.0000000000000
 11.56053810318329      438.0000000000000
 11.29113864735934      439.0000000000000
 6.578305780603252      440.0000000000000
 6.441104756987332      441.0000000000000
 6.585080037927463      442.0000000000000
 11.39604111891964      443.0000000000000
 11.67299302121986      444.0000000000000
 11.39304451593531      445.0000000000000
 6.558457967476998      446.0000000000000
 6.412780203564581      447.0000000000000
 6.547196007871942      448.0000000000000
 11.21864792297473      449.0000000000000
 11.48604075712600      450.0000000000000
 11.20575721010429      451.0000000000000
 6.432673841275862      452.0000000000000
 6.290934337673919      453.0000000000000
 6.424630713803059      454.0000000000000
 11.08120570422121      455.0000000000000
 11.35252217384493      456.0000000000000
 11.08274992757279      457.0000000000000
 6.438349722651443      458.0000000000000
 6.305530677945650      459.0000000000000
 6.448705473682725      460.0000000000000
 11.24311346648967      461.0000000000000
 11.52443107510076      462.0000000000000
 11.25617816497027      463.0000000000000
 6.564773342927923      464.0000000000000
 6.429021094260809      465.0000000000000
 6.573983239223418      466.0000000000000
 11.39879761946866      467.0000000000000
 11.67731840775830      468.0000000000000
 11.39872537847926      469.0000000000000
 6.573341444257792      470.0000000000000
 6.428338256469348      471.0000000000000
 6.564023360106033      472.0000000000000
 11.25443058556800      473.0000000000000
 11.52263512081007      474.0000000000000
 11.24135774779031      475.0000000000000
 6.447883180667757      476.0000000000000
 6.304770905719998      477.0000000000000
 6.437623428109512      478.0000000000000
 11.08248078911490      479.0000000000000
 11.35231982604151      480.0000000000000
