-.4115730000000000E-002      0.000000000000000
-.4139771000642474E-002      1.000000000000000
-.4350474958004630E-002      2.000000000000000
0.1139731118034706      3.000000000000000
0.1432888361511482      4.000000000000000
0.4985148247256260      5.000000000000000
0.6279888074063127      6.000000000000000
0.6671199195808217      7.000000000000000
0.6925138161509694      8.000000000000000
0.7443746920217811      9.000000000000000
 1.048879161958439      10.00000000000000
 1.100682355924080      11.00000000000000
 1.632977284581144      12.00000000000000
 1.809534803593679      13.00000000000000
 1.894353073593648      14.00000000000000
 2.025592101851743      15.00000000000000
 2.465406544481092      16.00000000000000
 4.175604945924532      17.00000000000000
 4.399535452611304      18.00000000000000
 6.306583382476396      19.00000000000000
 6.854156839842793      20.00000000000000
 6.936641224471092      21.00000000000000
 6.796512672463741      22.00000000000000
 6.087571912287867      23.00000000000000
 3.593440342339175      24.00000000000000
 3.297323534595160      25.00000000000000
 1.008152229473307      26.00000000000000
0.4114104487670520      27.00000000000000
0.2047119859504663      28.00000000000000
0.3029951034683684E-002      29.00000000000000
-.5652631479553523      30.00000000000000
-2.514738487457045      31.00000000000000
-2.739799472927511      32.00000000000000
-4.425831577494055      33.00000000000000
-4.849911054722475      34.00000000000000
-4.949324792852300      35.00000000000000
-4.946822908648223      36.00000000000000
-4.795095154658343      37.00000000000000
-4.099930049871869      38.00000000000000
-3.996703759431121      39.00000000000000
-3.024409946198537      40.00000000000000
-2.720976893156393      41.00000000000000
-2.646649601686650      42.00000000000000
-2.637177950417492      43.00000000000000
-2.701547944095640      44.00000000000000
-2.804079098642180      45.00000000000000
-2.800360644432098      46.00000000000000
-2.637763690684886      47.00000000000000
-2.556997732258360      48.00000000000000
-2.502227776081547      49.00000000000000
-2.395932387306571      50.00000000000000
-2.024055841491679      51.00000000000000
-.5398538882321799      52.00000000000000
-.3410857901047908      53.00000000000000
 1.385499318972778      54.00000000000000
 1.890060815923875      55.00000000000000
 2.092249914639946      56.00000000000000
 2.345709195697917      57.00000000000000
 3.141029202054428      58.00000000000000
 6.143691661804395      59.00000000000000
 6.526424929121780      60.00000000000000
 9.706218480200469      61.00000000000000
 10.59850326993201      62.00000000000000
 10.74206829270573      63.00000000000000
 10.54089538096675      64.00000000000000
 9.487344845097461      65.00000000000000
 5.720837135605096      66.00000000000000
 5.265962997750480      67.00000000000000
 1.684692011492043      68.00000000000000
0.7325434294341553      69.00000000000000
0.4036722042875153      70.00000000000000
0.8469288898174117E-001      71.00000000000000
-.8113576487718965      72.00000000000000
-3.954231264799942      73.00000000000000
-4.326148114469598      74.00000000000000
-7.191008236574826      75.00000000000000
-7.934869127602177      76.00000000000000
-8.115137773476286      77.00000000000000
-8.128300935041990      78.00000000000000
-7.928042131389225      79.00000000000000
-7.040909056449670      80.00000000000000
-6.912168911319510      81.00000000000000
-5.719706737918987      82.00000000000000
-5.352305228441553      83.00000000000000
-5.287520392065832      84.00000000000000
-5.352305227430010      85.00000000000000
-5.719706734021696      86.00000000000000
-6.912168896923274      87.00000000000000
-7.040909040762497      88.00000000000000
-7.928042105347967      89.00000000000000
-8.128300906194283      90.00000000000000
-8.115137743937247      91.00000000000000
-7.934869097980068      92.00000000000000
-7.191008207582858      93.00000000000000
-4.326148087913936      94.00000000000000
-3.954231238561661      95.00000000000000
-.8113576252241400      96.00000000000000
0.8469291176019354E-001      97.00000000000000
0.4036722270720898      98.00000000000000
0.7325434527831836      99.00000000000000
 1.684692037238124      100.0000000000000
 5.265963032109150      101.0000000000000
 5.720837171009319      102.0000000000000
 9.487344888778345      103.0000000000000
 10.54089542686079      104.0000000000000
 10.74206833864126      105.0000000000000
 10.59850331443484      106.0000000000000
 9.706218518595627      107.0000000000000
 6.526424945071289      108.0000000000000
 6.143691674966171      109.0000000000000
 3.141029192630377      110.0000000000000
 2.345709180089455      111.0000000000000
 2.092249896645855      112.0000000000000
 1.890060795103215      113.0000000000000
 1.385499289467079      114.0000000000000
-.3410858511229367      115.0000000000000
-.5398539531144344      116.0000000000000
-2.024055937280135      117.0000000000000
-2.395932491448197      118.0000000000000
-2.502227882092673      119.0000000000000
-2.556997837956024      120.0000000000000
-2.637763792402324      121.0000000000000
-2.800360731152955      122.0000000000000
-2.804079183455134      123.0000000000000
-2.701548013086032      124.0000000000000
-2.637178014975501      125.0000000000000
-2.646649665462927      126.0000000000000
-2.720976957713763      127.0000000000000
-3.024410015186468      128.0000000000000
-3.996703844235014      129.0000000000000
-4.099930136582850      130.0000000000000
-4.795095256359396      131.0000000000000
-4.946823014327730      132.0000000000000
-4.949324898844831      133.0000000000000
-4.849911158845450      134.0000000000000
-4.425831673264253      135.0000000000000
-2.739799537793049      136.0000000000000
-2.514738548458672      137.0000000000000
-.5652631774462349      138.0000000000000
0.3029930228360904E-002      139.0000000000000
0.2047119679707197      140.0000000000000
0.4114104331732914      141.0000000000000
 1.008152220065474      142.0000000000000
 3.297323547778568      143.0000000000000
 3.593440358310977      144.0000000000000
 6.087571950710522      145.0000000000000
 6.796512716995471      146.0000000000000
 6.936641270435543      147.0000000000000
 6.854156885764862      148.0000000000000
 6.306583426181465      149.0000000000000
 4.399535488025569      150.0000000000000
 4.175604980291491      151.0000000000000
 2.465406570221230      152.0000000000000
 2.025592125190940      153.0000000000000
 1.894353096366892      154.0000000000000
 1.809534826359023      155.0000000000000
 1.632977308110329      156.0000000000000
 1.100682382123935      157.0000000000000
 1.048879188473244      158.0000000000000
0.7443747209534205      159.0000000000000
0.6925138457074961      160.0000000000000
0.6671199490531031      161.0000000000000
0.6279888361874608      162.0000000000000
0.4985148507028392      163.0000000000000
0.1432888517837073      164.0000000000000
0.1139731261462967      165.0000000000000
-.4350471104172421E-002      166.0000000000000
-.4139770029759302E-002      167.0000000000000
-.4115730040165150E-002      168.0000000000000
-.4192545224779769E-002      169.0000000000000
-.5659311312073318E-002      170.0000000000000
-.5729061255992371E-002      171.0000000000000
-.5682433284767758E-002      172.0000000000000
-.4479519587093748E-002      173.0000000000000
-.4429279173982632E-002      174.0000000000000
-.4487577396387414E-002      175.0000000000000
-.5783823623754354E-002      176.0000000000000
-.5837517658708854E-002      177.0000000000000
-.5772630637469499E-002      178.0000000000000
-.4348657584313718E-002      179.0000000000000
-.4277494929583343E-002      180.0000000000000
-.4311151466610008E-002      181.0000000000000
-.5300696163785690E-002      182.0000000000000
-.5332693275584834E-002      183.0000000000000
-.5256364136750145E-002      184.0000000000000
-.3760932185723581E-002      185.0000000000000
-.3676323530366633E-002      186.0000000000000
-.3681802477083814E-002      187.0000000000000
-.4260685573197556E-002      188.0000000000000
-.4267624193617300E-002      189.0000000000000
-.4187871961194379E-002      190.0000000000000
-.2778088933757470E-002      191.0000000000000
-.2688923135278094E-002      192.0000000000000
-.2665648881821334E-002      193.0000000000000
-.2773053793378136E-002      194.0000000000000
-.2754204961440124E-002      195.0000000000000
-.2679408284476806E-002      196.0000000000000
-.1503383855576956E-002      197.0000000000000
-.1419028538050765E-002      198.0000000000000
-.1369446242325243E-002      199.0000000000000
-.9940891715854230E-003      200.0000000000000
-.9514331170960471E-003      201.0000000000000
-.8894500214704890E-003      202.0000000000000
-.7073554085776498E-004      203.0000000000000
-.5294649915374428E-007      204.0000000000000
0.7062835041566403E-004      205.0000000000000
0.8893129566936117E-003      206.0000000000000
0.9512948530949169E-003      207.0000000000000
0.9939525170010143E-003      208.0000000000000
0.1369344142915940E-002      209.0000000000000
0.1418928207531667E-002      210.0000000000000
0.1503282835367960E-002      211.0000000000000
0.2679285209325844E-002      212.0000000000000
0.2754081223246062E-002      213.0000000000000
0.2772931905710370E-002      214.0000000000000
0.2665562599854517E-002      215.0000000000000
0.2688838907810960E-002      216.0000000000000
0.2778004696812114E-002      217.0000000000000
0.4187775805758747E-002      218.0000000000000
0.4267527980978028E-002      219.0000000000000
0.4260591257780660E-002      220.0000000000000
0.3681741077212559E-002      221.0000000000000
0.3676264254761908E-002      222.0000000000000
0.3760873581848078E-002      223.0000000000000
0.5256305002974636E-002      224.0000000000000
0.5332634696454873E-002      225.0000000000000
0.5300639329254868E-002      226.0000000000000
0.4311121399412026E-002      227.0000000000000
0.4277466833246505E-002      228.0000000000000
0.4348630770342684E-002      229.0000000000000
0.5772614737859227E-002      230.0000000000000
0.5837502867323094E-002      231.0000000000000
0.5783810241059546E-002      232.0000000000000
0.4487581820677095E-002      233.0000000000000
0.4429285208672378E-002      234.0000000000000
0.4479527380062471E-002      235.0000000000000
0.5682462289711756E-002      236.0000000000000
0.5729091806311454E-002      237.0000000000000
0.5659342787180222E-002      238.0000000000000
0.4192583675747928E-002      239.0000000000000
0.4115769571886093E-002      240.0000000000000
0.4139811610950261E-002      241.0000000000000
0.4350519897187820E-002      242.0000000000000
-.1139730513031538      243.0000000000000
-.1432887737607987      244.0000000000000
-.4985147473658952      245.0000000000000
-.6279887260416426      246.0000000000000
-.6671198376434562      247.0000000000000
-.6925137353281484      248.0000000000000
-.7443746167266598      249.0000000000000
-1.048879107172789      250.0000000000000
-1.100682303709660      251.0000000000000
-1.632977253391429      252.0000000000000
-1.809534778213713      253.0000000000000
-1.894353049964164      254.0000000000000
-2.025592079393705      255.0000000000000
-2.465406524549030      256.0000000000000
-4.175604935294917      257.0000000000000
-4.399535443139443      258.0000000000000
-6.306583382403774      259.0000000000000
-6.854156842349134      260.0000000000000
-6.936641227843698      261.0000000000000
-6.796512676594379      262.0000000000000
-6.087571918386548      263.0000000000000
-3.593440355581450      264.0000000000000
-3.297323548713747      265.0000000000000
-1.008152250603738      266.0000000000000
-.4114104717934029      267.0000000000000
-.2047120099316663      268.0000000000000
-.3029976558387685E-002      269.0000000000000
0.5652631172030771      270.0000000000000
 2.514738437796185      271.0000000000000
 2.739799420955825      272.0000000000000
 4.425831507103172      273.0000000000000
 4.849910979370922      274.0000000000000
 4.949324716529562      275.0000000000000
 4.946822832925924      276.0000000000000
 4.795095082854802      277.0000000000000
 4.099929992696852      278.0000000000000
 3.996703704100838      279.0000000000000
 3.024409906038524      280.0000000000000
 2.720976857211700      281.0000000000000
 2.646649566797251      282.0000000000000
 2.637177915728430      283.0000000000000
 2.701547908773342      284.0000000000000
 2.804079061182003      285.0000000000000
 2.800360606729631      286.0000000000000
 2.637763651206470      287.0000000000000
 2.556997692344836      288.0000000000000
 2.502227736425737      289.0000000000000
 2.395932348725060      290.0000000000000
 2.024055807088637      291.0000000000000
0.5398538692241429      292.0000000000000
0.3410857730136116      293.0000000000000
-1.385499320495125      294.0000000000000
-1.890060813172596      295.0000000000000
-2.092249910338565      296.0000000000000
-2.345709189741029      297.0000000000000
-3.141029191226154      298.0000000000000
-6.143691633273434      299.0000000000000
-6.526424898416659      300.0000000000000
-9.706218432077899      301.0000000000000
-10.59850321709419      302.0000000000000
-10.74206823905840      303.0000000000000
-10.54089532823155      304.0000000000000
-9.487344797364791      305.0000000000000
-5.720837106335050      306.0000000000000
-5.265962970783105      307.0000000000000
-1.684692003258088      308.0000000000000
-.7325434263509611      309.0000000000000
-.4036722029941662      310.0000000000000
-.8469288944654385E-001      311.0000000000000
0.8113576433360685      312.0000000000000
 3.954231241272306      313.0000000000000
 4.326148088716657      314.0000000000000
 7.191008192967378      315.0000000000000
 7.934869079153606      316.0000000000000
 8.115137723821642      317.0000000000000
 8.128300885203748      318.0000000000000
 7.928042082486712      319.0000000000000
 7.040909011193093      320.0000000000000
 6.912168866541185      321.0000000000000
 5.719706697220141      322.0000000000000
 5.352305188915764      323.0000000000000
 5.287520352471986      324.0000000000000
 5.352305186797869      325.0000000000000
 5.719706689060283      326.0000000000000
 6.912168836399381      327.0000000000000
 7.040908978348419      328.0000000000000
 7.928042027963393      329.0000000000000
 8.128300824804494      330.0000000000000
 8.115137661974925      331.0000000000000
 7.934869017132967      332.0000000000000
 7.191008132266085      333.0000000000000
 4.326148033116325      334.0000000000000
 3.954231186336487      335.0000000000000
0.8113575940334711      336.0000000000000
-.8469293713842395E-001      337.0000000000000
-.4036722506988628      338.0000000000000
-.7325434752374688      339.0000000000000
-1.684692057163367      340.0000000000000
-5.265963042720803      341.0000000000000
-5.720837180461849      342.0000000000000
-9.487344888820672      343.0000000000000
-10.54089542432119      344.0000000000000
-10.74206833523488      345.0000000000000
-10.59850331027100      346.0000000000000
-9.706218512466894      347.0000000000000
-6.526424931810586      348.0000000000000
-6.143691660830606      349.0000000000000
-3.141029171494761      350.0000000000000
-2.345709157061160      351.0000000000000
-2.092249872663839      352.0000000000000
-1.890060769579801      353.0000000000000
-1.385499258718223      354.0000000000000
0.3410859007689895      355.0000000000000
0.5398540050699130      356.0000000000000
 2.024056007643571      357.0000000000000
 2.395932566769257      358.0000000000000
 2.502227958384160      359.0000000000000
 2.556997913646956      360.0000000000000
 2.637763864175085      361.0000000000000
 2.800360788299486      362.0000000000000
 2.804079238757231      363.0000000000000
 2.701548053220427      364.0000000000000
 2.637178050895314      365.0000000000000
 2.646649700327403      366.0000000000000
 2.720976992377249      367.0000000000000
 3.024410050480464      368.0000000000000
 3.996703881657092      369.0000000000000
 4.099930174246028      370.0000000000000
 4.795095295789098      371.0000000000000
 4.946823054190020      372.0000000000000
 4.949324938449046      373.0000000000000
 4.849911197376068      374.0000000000000
 4.425831707619881      375.0000000000000
 2.739799556766590      376.0000000000000
 2.514738565516974      377.0000000000000
0.5652631789489454      378.0000000000000
-.3029932995618370E-002      379.0000000000000
-.2047119722869765      380.0000000000000
-.4114104391443166      381.0000000000000
-1.008152230906294      382.0000000000000
-3.297323576316215      383.0000000000000
-3.593440389022053      384.0000000000000
-6.087571998833125      385.0000000000000
-6.796512769831691      386.0000000000000
-6.936641324080741      387.0000000000000
-6.854156938497438      388.0000000000000
-6.306583473910282      389.0000000000000
-4.399535517287271      390.0000000000000
-4.175605007249971      391.0000000000000
-2.465406578441880      392.0000000000000
-2.025592128259637      393.0000000000000
-1.894353097645143      394.0000000000000
-1.809534825878151      395.0000000000000
-1.632977302655141      396.0000000000000
-1.100682358565039      397.0000000000000
-1.048879162687589      398.0000000000000
-.7443746773016640      399.0000000000000
-.6925137972114941      400.0000000000000
-.6671198993504146      401.0000000000000
-.6279887863015551      402.0000000000000
-.4985148017551269      403.0000000000000
-.1432888064911422      404.0000000000000
-.1139730813331453      405.0000000000000
0.4350511828292917E-002      406.0000000000000
0.4139809578170393E-002      407.0000000000000
0.4115769655967615E-002      408.0000000000000
0.4192585878751241E-002      409.0000000000000
0.5659369545160108E-002      410.0000000000000
0.5729120422467567E-002      411.0000000000000
0.5682492182746668E-002      412.0000000000000
0.4479568493258686E-002      413.0000000000000
0.4429327806158871E-002      414.0000000000000
0.4487626946297090E-002      415.0000000000000
0.5783890621887401E-002      416.0000000000000
0.5837585489851591E-002      417.0000000000000
0.5772697923726557E-002      418.0000000000000
0.4348710710224701E-002      419.0000000000000
0.4277547468910393E-002      420.0000000000000
0.4311204706819242E-002      421.0000000000000
0.5300764888242356E-002      422.0000000000000
0.5332762645157735E-002      423.0000000000000
0.5256432742292842E-002      424.0000000000000
0.3760983950052665E-002      425.0000000000000
0.3676374457142167E-002      426.0000000000000
0.3681853814256653E-002      427.0000000000000
0.4260748803890251E-002      428.0000000000000
0.4267687813757838E-002      429.0000000000000
0.4187934678428046E-002      430.0000000000000
0.2778133898222444E-002      431.0000000000000
0.2688967099212017E-002      432.0000000000000
0.2665692922551964E-002      433.0000000000000
0.2773104887385819E-002      434.0000000000000
0.2754256148312455E-002      435.0000000000000
0.2679458524423633E-002      436.0000000000000
0.1503417296279066E-002      437.0000000000000
0.1419060920358602E-002      438.0000000000000
0.1369478359761042E-002      439.0000000000000
0.9941227610488412E-003      440.0000000000000
0.9514664930846987E-003      441.0000000000000
0.8894825059975620E-003      442.0000000000000
0.7075394456736942E-004      443.0000000000000
0.7034514456615709E-007      444.0000000000000
-.7061153048397873E-004      445.0000000000000
-.8893004006327422E-003      446.0000000000000
-.9512827944208905E-003      447.0000000000000
-.9939412006690291E-003      448.0000000000000
-.1369342709664766E-002      449.0000000000000
-.1418927620424078E-002      450.0000000000000
-.1503283080016998E-002      451.0000000000000
-.2679295005788303E-002      452.0000000000000
-.2754091748752731E-002      453.0000000000000
-.2772942946450215E-002      454.0000000000000
-.2665578287636977E-002      455.0000000000000
-.2688855193921832E-002      456.0000000000000
-.2778021980339417E-002      457.0000000000000
-.4187806925542990E-002      458.0000000000000
-.4267559984871565E-002      459.0000000000000
-.4260623495668885E-002      460.0000000000000
-.3681772237893929E-002      461.0000000000000
-.3676295703097038E-002      462.0000000000000
-.3760906088472378E-002      463.0000000000000
-.5256354176683149E-002      464.0000000000000
-.5332684816454577E-002      465.0000000000000
-.5300689377427644E-002      466.0000000000000
-.4311164759298201E-002      467.0000000000000
-.4277510139891317E-002      468.0000000000000
-.4348675084967149E-002      469.0000000000000
-.5772676799376484E-002      470.0000000000000
-.5837565837897518E-002      471.0000000000000
-.5783872841531455E-002      472.0000000000000
-.4487632824443940E-002      473.0000000000000
-.4429335823896196E-002      474.0000000000000
-.4479578847059601E-002      475.0000000000000
-.5682530718948517E-002      476.0000000000000
-.5729161011867184E-002      477.0000000000000
-.5659411363240264E-002      478.0000000000000
-.4192636965016759E-002      479.0000000000000
-.4115822178129975E-002      480.0000000000000
